10005058
10031798
10043940
10100338
10104621
10110190
10111649
10114796
10127000
10142080
10151785
10158232
10167537
10179669
10194747
10196955
10218052
10250206
10250474
10258583
10338566
10416593
10437199
10451271
10472850
10555229
10574127
10612618
10658520
10662379
10663732
10669284
10691475
10692648
10694640
10699980
10739191
10739693
10741364
10794411
10800703
10806505
10828730
10829546
10844205
10845888
10847166
10848642
10848664
10856520
10864644
10873473
10878619
10894304
10921093
10921632
10927993
10941560
10954010
10975480
10983223
10994160
10999713
11007538
11014729
11037897
11081780
11081866
11197545
11202400
11204693
11210843
11211516
11222413
11245342
11253944
11270147
11316800
11324028
11328879
11346535
11369713
11386634
11390343
11399709
11416365
11452990
11463836
11463964
11473213
11509891
11520083
11584975
11596308
11656291
11662004
11675425
11708705
11755926
11799175
11805766
11813889
11830863
11840745
11894760
11907000
11943711
11943870
11954882
11960101
11969719
11972064
11979171
11987810
12012141
12015693
12039837
12041176
12061633
12075933
12077683
12111637
12140304
12141890
12155671
12215625
12230782
12239507
12240178
12285072
12289374
12291227
12292357
12301880
12308201
12320250
12323300
12335475
12335554
12335807
12356114
12380230
12409902
12410819
12454607
12494366
12519648
12522770
12545095
12587944
12609068
12618701
12628600
12636618
12654625
12692906
12694489
12694537
12717670
12722416
12739453
12772338
12789823
12800062
12815045
12830996
12862757
12865879
12870244
12899118
12908719
12911949
12914100
12928903
12933556
12952371
12957215
12984644
12996070
13006973
13011200
13030825
13036548
13062719
13086924
13088424
13095344
13106690
13109604
13174848
13175482
13176664
13198536
13251975
13266577
13277324
13316765
13345206
13352747
13360480
13394316
13406401
13440868
13452288
13453979
13462446
13511069
13518049
13532125
13540224
13564249
13566435
13568186
13582514
13583791
13595960
13611374
13628302
13631238
13666697
13690819
13731661
13750311
13756279
13760447
13785450
13785992
13790305
13802783
13807078
13814277
13816713
13835790
13847903
13862118
13903127
13918342
13930426
13946919
13958174
13973750
13992980
14089070
14120681
14130180
14180301
14238495
14257900
14261692
14270432
14275583
14285956
14302823
14312755
14329363
14332050
14334330
14349934
14371648
14380718
14400960
14459809
14466569
14474998
14517719
14532370
14546367
14552720
14555783
14560284
14581491
14614983
14636678
14665200
14673458
14674368
14679272
14700405
14705710
14749431
14775585
14786213
14811505
14831627
14863340
14867088
14867363
14909582
14924990
14927760
14931616
14992481
14996167
14996794
15005353
15016920
15029860
15036096
15069368
15105992
15113998
15116182
15128808
15138083
15155010
15160982
15164311
15170460
15173727
15222481
15230340
15234150
15259556
15264533
15265910
15271416
15275736
15304232
15306731
15353087
15363406
15376862
15376968
15381542
15384615
15385116
15409971
15444048
15465025
15489293
15507210
15553456
15557310
15563048
15584950
15590130
15613937
15616373
15672510
15703337
15709038
15716087
15746636
15750755
15786803
15799300
15803027
15813015
15814790
15830383
15845560
15853018
15855691
15889693
15904979
15915756
15930481
15935452
15937545
15941891
15942578
15944130
15949821
15958501
15983616
15997140
16014725
16030573
16038720
16078630
16079074
16123968
16135210
16159283
16165025
16177124
16178730
16209712
16224913
16252492
16257540
16266625
16273560
16299511
16310686
16316499
16336220
16336629
16350814
16381297
16389807
16427166
16466290
16499802
16520436
16541990
16549610
16576658
16587320
16592084
16596644
16605527
16640111
16643648
16680484
16709569
16710767
16734291
16757871
16772918
16807865
16817885
16848030
16886441
16892161
16898982
16911566
16917420
16924872
16952926
16961544
16979904
16980879
16984274
17156964
17218062
17255237
17272414
17285539
17288549
17289591
17307580
17311218
17407636
17411226
17414649
17416829
17427398
17452964
17461477
17474046
17518598
17562856
17568660
17590477
17630117
17641964
17643170
17691229
17749115
17770330
17770736
17771092
17773354
17775690
17787110
17810616
17862440
17871395
17966448
17977283
17982492
17987016
17998163
18026282
18038023
18142387
18179670
18219633
18234912
18256976
18262832
18268136
18276759
18276803
18293620
18296387
18296762
18306780
18331314
18341976
18355734
18368210
18384737
18402247
18417740
18421840
18442509
18454894
18459121
18466233
18467110
18467114
18489255
18503503
18506138
18513185
18520790
18577620
18603250
18625640
18631813
18655499
18676946
18680117
18685490
18689662
18698718
18742596
18751136
18776250
18784666
18807719
18836867
18862161
18870000
18881724
18883308
18892809
18918076
18930007
18972278
18976244
18985163
18997733
19011669
19021452
19026750
19027986
19046830
19054710
19058563
19064561
19066421
19072430
19075009
19080608
19090507
19119913
19133926
19150203
19176894
19178454
19179263
19239942
19254519
19266268
19271932
19280428
19298072
19323503
19341702
19352766
19369285
19375354
19420530
19428598
19450030
19465098
19488120
19598383
19616728
19619262
19636721
19639937
19646302
19653308
19655778
19660319
19665459
19665800
19678530
19690750
19697686
19697917
19734073
19734704
19755631
19756336
19764440
19800628
19826319
19863817
19868471
19877143
19906379
19916451
19934337
19947290
19950182
19953419
19953720
19957105
19964707
19982220
20016039
20028301
20047971
20052557
20151308
20193720
20193829
20219909
20225773
20263061
20270294
20273823
20317046
20359328
20366000
20378586
20408306
20488655
20497582
20506799
20518980
20520657
20531566
20545762
20566755
20569778
20578254
20586585
20614292
20621909
20626907
20637548
20656214
20672867
20697375
20735991
20741450
20755745
20762068
20770655
20802373
20809574
20816276
20869909
20872701
20908937
20922537
20922922
20934013
20940988
20944265
20949468
20960839
20970424
20993950
21007593
21013130
21025525
21044738
21067734
21071226
21073101
21094630
21099884
21115354
21173681
21190850
21190906
21208796
21220821
21233250
21237247
21262410
21290655
21297097
21330969
21331384
21350888
21357780
21391583
21407185
21426714
21428488
21455257
21457705
21462840
21487539
21493141
21509673
21513558
21531003
21547466
21549746
21571127
21627057
21640360
21646274
21647666
21652881
21672753
21679163
21702338
21704590
21711210
21765453
21773880
21776386
21782890
21786230
21811409
21835770
21851939
21852980
21854063
21870461
21933372
21957224
21965249
22015960
22016225
22021430
22033504
22051929
22057283
22074645
22112298
22124611
22130490
22134460
22188094
22211331
22253498
22263248
22270939
22297937
22302805
22306030
22316552
22321568
22376923
22383467
22394423
22415972
22448153
22485589
22496298
22498171
22525246
22546518
22564988
22565467
22596058
22608740
22619965
22632697
22651285
22652872
22653930
22660276
22665221
22669049
22699440
22707871
22718230
22743604
22755588
22815378
22827881
22836136
22854970
22855690
22974210
22990436
22996480
23004754
23008970
23117986
23127840
23134288
23146862
23160551
23165323
23167821
23206302
23266050
23267055
23278500
23312340
23328090
23338667
23405825
23418003
23422907
23435258
23438902
23454099
23456390
23461445
23482351
23487747
23490539
23537516
23557709
23561623
23567617
23583100
23587559
23601324
23680195
23698389
23736453
23749834
23772786
23781008
23789717
23806428
23829005
23843133
23852719
23859095
23876864
23879652
23888748
23890783
23893784
23923790
23934849
23935000
23949350
23953556
23988013
23995540
23995741
24002185
24020224
24033170
24037735
24059727
24059798
24094345
24140638
24145200
24148800
24168197
24183703
24184155
24221903
24238726
24245707
24274236
24345694
24370810
24394167
24413205
24424826
24439533
24449402
24455404
24469148
24496040
24497273
24528793
24560570
24581509
24595479
24602280
24615200
24655539
24659831
24715896
24716849
24733810
24754055
24857051
24918391
24924929
24938645
24945962
24954979
24965668
25056637
25078827
25083534
25094385
25100382
25118383
25125510
25133535
25144580
25148269
25154892
25191103
25214572
25228088
25241966
25251147
25265149
25268558
25271735
25280986
25285787
25289844
25301084
25318690
25320360
25341581
25345319
25347013
25353072
25386877
25423620
25427821
25445310
25462471
25469801
25553759
25588446
25616862
25626015
25673160
25681239
25692133
25702331
25736332
25741769
25760001
25778193
25779507
25788829
25832641
25862194
25884709
25947034
25950869
25957157
25959259
25984736
25994566
26002661
26022890
26026154
26050537
26051225
26052150
26055613
26066390
26069091
26089411
26112327
26125379
26143183
26163188
26171733
26174872
26199506
26208141
26217346
26247843
26248618
26257881
26267349
26316683
26346450
26353470
26386065
26386719
26395810
26398554
26401046
26436110
26522040
26529826
26552206
26568723
26619518
26628717
26630784
26647970
26736480
26737590
26746353
26789343
26791137
26795273
26838780
26867393
26880864
26890479
26891450
26907202
26923820
26941433
26961551
26965228
26976510
26990824
27012528
27015910
27023721
27030685
27067231
27079602
27085242
27104807
27121478
27144785
27171322
27178573
27183100
27231200
27233403
27243713
27244430
27247650
27265070
27269101
27314422
27356992
27357283
27359446
27400794
27463804
27506065
27532174
27570253
27571907
27599229
27617354
27636088
27652299
27679560
27683953
27700638
27714170
27719258
27721285
27723397
27759070
27768650
27774219
27774641
27776361
27778159
27814376
27819698
27864752
27898888
27907642
27909941
27928910
27959730
27975494
27985630
28020755
28024977
28076392
28148618
28159006
28169225
28261413
28276610
28358030
28382551
28398670
28410353
28469410
28482521
28490723
28547076
28605931
28645089
28652394
28700994
28734690
28745084
28771514
28786685
28789830
28804185
28808792
28836081
28899344
28902738
28912812
28967412
29033960
29034648
29051440
29054542
29060661
29062034
29063195
29067791
29105120
29124000
29126703
29168092
29170545
29194526
29210070
29230208
29232090
29247500
29260461
29260547
29270867
29272083
29303924
29417300
29425659
29427673
29437606
29438153
29463778
29471923
29478162
29482435
29506485
29533686
29564304
29566010
29614923
29621470
29660140
29684050
29691372
29696357
29703455
29706798
29719263
29731790
29750633
29768048
29808993
29838641
29863512
29891050
29904057
29915487
29939778
29947315
29958510
30001880
30021280
30039818
30044571
30056687
30056957
30097640
30115708
30144961
30155716
30257737
30266849
30272585
30281779
30295601
30297030
30307831
30314428
30337516
30359296
30361990
30411581
30420383
30439038
30502775
30567883
30570358
30589087
30592090
30612138
30614689
30617200
30618063
30639355
30688047
30690364
30730754
30736195
30753468
30758560
30776549
30854975
30909841
30916839
30939000
30959986
30972180
30989330
31058928
31059458
31131347
31137283
31150020
31153655
31164460
31175042
31182734
31185751
31186457
31217744
31256883
31257735
31268272
31269385
31271955
31286894
31296341
31307720
31314655
31320070
31410027
31413997
31422150
31467436
31496685
31512080
31521311
31537567
31545480
31555897
31558234
31568684
31585786
31612344
31646173
31664322
31672153
31672748
31682918
31685375
31713419
31719770
31729654
31731862
31736010
31758428
31762211
31793670
31834333
31861835
31879592
31893043
31934612
31939448
31948824
31957472
31966262
31975997
31993529
32016560
32051182
32100416
32136708
32166155
32185731
32195117
32205291
32215177
32239998
32261291
32263359
32264012
32264525
32295154
32296794
32298522
32303991
32304800
32305753
32315143
32325034
32325657
32330770
32383729
32391198
32407804
32453255
32473052
32481809
32484276
32490664
32511833
32531518
32539221
32568996
32614666
32628487
32681130
32683545
32705995
32711684
32715581
32728595
32732541
32746610
32777147
32948313
32953778
32980343
33009380
33010167
33022650
33060686
33086730
33094264
33097264
33112125
33151255
33192534
33233204
33257858
33259604
33276566
33281081
33303474
33303715
33305280
33355962
33391215
33419072
33444300
33550616
33555740
33567275
33571703
33586702
33671249
33673456
33689380
33716350
33722814
33776985
33792005
33812789
33885149
33886263
33906830
33953069
33972290
33995417
34073602
34090134
34148954
34169762
34172442
34210032
34245229
34277310
34295137
34302378
34309980
34311997
34337345
34338902
34345130
34349737
34367879
34391869
34394585
34412108
34425960
34452614
34477940
34513301
34520199
34524887
34538008
34570437
34571368
34571921
34598118
34604464
34628826
34651985
34661100
34666250
34666433
34678636
34694829
34704538
34708415
34741979
34770449
34788580
34836669
34842230
34854818
34861792
34872190
34897248
34921426
34968024
34977489
35007155
35017012
35032210
35042287
35067056
35086020
35096762
35113206
35144922
35151869
35191920
35276656
35279448
35282272
35293548
35300991
35303394
35355000
35369635
35370953
35387928
35418178
35445810
35450704
35455360
35463899
35490004
35493040
35513529
35547770
35560842
35594670
35607295
35625592
35685670
35729647
35767755
35770994
35773606
35777264
35831785
35848168
35851521
35874332
35876029
35879555
35890267
35938190
35962597
35963650
35979071
35979899
35994964
36055016
36091550
36095876
36120532
36129993
36144494
36144935
36147391
36156522
36164160
36171154
36172611
36210013
36224150
36232545
36234959
36284630
36304930
36325491
36382468
36394687
36399269
36436762
36437903
36441869
36443960
36456777
36465549
36469589
36482235
36524925
36538820
36570038
36570700
36594192
36617768
36618314
36648206
36673666
36694737
36737411
36761888
36762882
36777618
36816186
36817440
36818980
36890090
36921828
36929594
36939232
36945465
36951515
36961586
36974530
36977450
37006118
37022577
37024200
37033173
37038571
37083193
37098020
37109979
37116869
37124896
37168453
37173354
37178654
37189238
37189398
37197023
37203179
37213185
37291640
37299367
37304825
37305901
37314877
37323930
37330107
37408742
37418128
37435381
37440428
37461060
37465333
37496178
37507164
37512973
37575073
37587802
37618733
37626013
37633717
37647246
37647613
37667362
37670101
37677480
37695807
37736086
37804629
37838432
37844231
37844472
37848122
37870608
37873997
37888437
37896204
37896845
37909277
37925705
37929849
37942810
37942956
37943435
37948979
37962150
37963516
38081000
38110048
38110938
38122205
38172756
38189612
38248752
38269332
38275829
38332520
38333630
38345394
38346630
38351284
38361651
38374162
38376580
38429900
38441169
38442804
38468916
38505226
38545539
38560656
38564848
38582930
38592771
38640195
38660250
38666590
38677114
38732312
38743079
38745474
38757480
38759614
38815090
38826578
38872889
38898860
38908887
38939238
38961335
38991323
38997021
39058304
39077557
39090004
39109505
39127594
39161871
39165793
39169902
39176422
39185932
39186387
39219923
39228988
39236850
39254630
39273345
39297707
39329231
39338814
39374557
39404974
39411753
39449421
39467514
39502810
39525244
39526600
39532569
39535896
39572470
39584140
39619321
39633020
39644321
39653005
39702895
39724319
39776521
39804492
39844511
39859770
39864378
39871300
39879272
39910906
39916568
39927512
39933586
39935965
40044766
40051049
40060480
40091139
40106387
40113284
40120136
40124497
40129200
40131376
40133405
40135677
40138535
40152307
40155785
40159590
40213141
40224208
40230744
40230761
40257464
40288073
40289870
40323988
40329109
40347022
40377804
40398526
40399328
40408884
40428269
40456944
40468698
40487628
40489975
40493203
40504893
40507153
40532330
40566809
40569339
40581940
40584975
40595961
40610017
40616515
40647145
40671695
40689819
40715660
40721566
40741549
40754285
40773882
40796734
40810933
40836527
40922625
40951157
40958583
40961954
40967731
40989280
40999098
41028500
41043893
41048386
41053189
41058601
41111552
41124813
41131210
41173590
41190691
41203787
41228569
41239684
41276835
41282800
41290936
41291542
41292689
41317634
41319129
41335214
41337819
41354146
41357644
41471604
41472235
41484610
41561767
41576829
41606630
41611302
41611884
41660190
41664946
41678551
41695553
41702401
41715840
41722785
41749965
41777185
41788909
41803164
41804147
41842658
41847068
41859961
41930736
41993391
42005617
42053729
42077513
42110470
42114372
42128951
42145664
42147629
42175624
42193123
42194580
42211648
42215582
42217326
42267799
42270850
42331930
42360686
42385677
42406487
42412300
42415776
42419922
42461105
42502548
42517259
42555388
42557095
42577081
42593239
42612550
42627665
42658307
42669113
42669977
42681548
42687594
42707760
42722401
42726436
42776363
42780985
42785104
42797179
42813280
42830516
42843771
42853472
42856126
42858096
42885140
42887085
42915040
42950050
42958006
42961497
43016898
43030578
43030810
43054678
43064034
43064984
43103786
43108083
43114000
43118448
43139983
43144273
43156212
43187190
43237437
43244918
43278005
43290430
43291119
43291783
43306363
43308275
43329990
43362355
43366891
43376914
43431465
43462308
43492713
43493089
43500290
43538599
43549172
43581563
43601837
43613879
43616858
43661331
43686330
43695471
43712783
43715900
43725154
43800242
43838551
43840656
43892492
43910850
43974665
43977965
43987903
44052959
44061054
44062292
44079487
44100768
44104589
44139276
44146048
44159500
44162180
44164310
44188019
44194995
44216104
44227155
44245345
44262671
44307740
44309550
44330660
44368846
44399400
44431095
44438800
44443024
44473976
44478310
44479815
44493616
44537805
44553766
44598071
44605839
44608154
44621216
44666193
44668460
44710511
44730850
44731628
44734466
44768576
44774308
44807200
44816930
44853115
44859000
44892161
44898645
44911950
44924687
44929439
44953227
44966251
44981584
44996326
45006133
45027837
45057498
45062130
45078525
45080599
45121944
45161364
45246780
45259013
45288298
45308309
45324162
45332585
45342637
45359193
45402658
45442775
45446104
45455370
45518384
45524648
45533144
45539729
45601209
45625911
45635697
45685960
45710769
45730034
45744228
45753967
45756864
45774168
45812471
45826255
45832160
45847488
45867821
45922302
45965090
46002451
46009867
46036089
46045237
46092486
46127250
46132011
46135716
46155310
46155349
46159661
46174974
46176405
46196386
46232884
46243062
46251969
46255598
46271450
46271707
46272701
46299049
46327007
46334602
46342800
46351880
46400240
46424092
46428638
46441256
46451488
46454800
46460271
46483658
46493122
46513635
46514103
46534452
46580041
46600184
46606775
46633483
46637009
46637757
46650147
46650504
46653671
46686196
46712581
46715833
46716147
46721247
46726735
46760021
46769674
46770297
46802229
46818616
46823546
46833279
46860701
46862549
46863779
46871878
46875151
46878110
46902880
46951337
46967990
46972493
46974751
46995830
47000917
47017843
47029158
47049484
47053585
47074318
47104708
47108871
47144994
47193792
47201767
47210925
47214740
47260487
47318030
47331858
47343134
47350888
47377379
47381808
47444305
47463510
47492387
47524583
47544366
47558344
47571392
47589573
47592557
47596201
47624981
47628175
47628352
47638070
47651632
47840816
47840900
47883947
47903627
47906931
47915380
47935242
47951250
47953712
47968838
47984759
47997402
48011810
48032078
48036721
48037571
48073602
48092490
48115207
48119555
48155595
48173548
48185041
48189300
48193996
48194326
48211324
48218902
48251915
48313052
48316990
48346791
48351822
48354161
48360010
48430121
48464180
48465133
48467419
48474829
48522518
48542206
48550046
48560818
48563840
48570640
48578605
48619894
48624427
48657691
48663633
48698156
48721112
48724284
48740679
48788004
48843454
48844812
48853879
48856902
48862852
48863638
48872100
48921236
48926646
48933685
48943116
48962967
48994816
49002400
49008245
49011260
49020050
49022190
49025099
49069480
49076126
49079123
49081851
49085226
49106890
49109580
49165892
49187760
49190980
49191350
49198849
49214972
49222243
49224893
49257081
49268013
49272348
49288566
49291610
49294606
49298055
49300377
49318561
49326304
49327725
49356000
49376541
49394652
49426533
49450884
49499384
49506955
49535182
49572629
49605663
49611166
49623993
49627595
49635765
49669187
49704276
49718035
49723022
49777110
49897023
49900466
49908223
49985065
49995959
50112007
50112280
50113904
50135034
50166676
50188148
50189711
50193216
50208540
50233809
50242580
50278346
50287135
50306730
50307807
50313650
50358403
50359665
50378276
50413518
50415060
50433653
50440911
50442689
50446980
50460320
50462211
50466419
50512686
50542925
50548190
50558956
50573384
50599972
50601166
50611534
50615186
50636320
50638710
50664260
50673869
50712293
50728881
50780825
50781975
50790990
50793236
50801451
50827745
50831160
50891491
50910044
50965885
50970872
51020982
51030098
51032399
51052198
51052381
51058037
51083471
51111521
51148470
51148799
51164279
51167469
51221895
51233156
51248982
51259651
51279045
51284723
51289270
51293202
51307994
51334283
51348010
51363140
51373841
51404620
51413753
51425339
51438546
51483006
51535762
51556239
51596200
51614696
51630905
51634920
51653345
51686260
51693712
51717487
51729653
51746534
51773649
51787991
51793182
51848195
51864392
51870324
51909884
51920035
52002814
52033487
52036112
52041274
52044496
52046851
52077219
52098324
52137709
52143362
52160971
52168513
52178182
52188940
52252320
52319221
52359426
52370774
52381095
52398342
52417885
52438192
52452400
52474384
52476996
52489831
52505571
52508463
52515818
52528111
52535535
52535955
52578635
52579905
52628023
52630105
52636963
52647760
52678505
52682167
52684260
52688787
52690539
52694749
52729706
52754619
52757861
52766497
52780066
52787103
52795780
52871916
52881695
52892866
52913680
52928714
52935452
52941033
52957904
52975206
52982463
53015220
53024442
53068184
53088132
53132273
53144887
53154900
53179355
53214470
53216927
53229575
53231930
53239050
53263957
53275055
53308458
53309613
53328202
53339892
53349249
53360568
53384784
53386191
53420746
53424283
53436115
53440597
53442210
53487107
53506118
53524990
53537349
53539148
53540150
53562775
53589179
53604606
53607919
53615490
53622949
53637200
53638577
53647280
53650000
53665983
53670534
53725888
53797160
53834127
53840382
53865155
53886089
53904449
53907153
53907484
53930951
53954115
53973846
54015485
54020884
54027133
54033475
54045630
54049451
54053173
54088070
54093280
54109923
54115988
54124959
54173931
54174090
54186227
54212594
54222980
54234903
54240841
54241098
54247373
54269006
54285396
54288046
54293588
54333389
54378476
54393037
54428529
54431892
54451941
54460593
54506260
54507162
54510262
54541546
54545474
54548151
54551040
54554388
54591678
54606210
54647237
54666718
54680108
54681840
54682000
54688818
54721570
54724452
54730296
54731694
54773434
54795410
54799819
54815480
54816525
54855253
54862540
54864894
54901554
54914704
54924376
54926690
54936897
54950932
54955779
54981590
55002917
55014860
55025427
55049370
55054334
55108234
55110763
55148627
55154403
55164183
55177696
55204926
55212279
55254331
55272929
55285229
55289428
55304761
55342116
55379391
55388487
55397183
55405802
55431893
55444203
55457739
55458487
55463807
55464158
55470048
55493449
55505493
55558815
55563660
55581614
55591420
55636303
55662567
55671250
55705598
55705755
55719755
55728935
55753148
55755478
55763220
55791148
55800332
55801515
55817341
55837107
55874360
55899400
55920076
55933386
55937144
55942370
55963120
56002560
56006238
56053688
56077580
56081259
56119443
56150278
56166868
56183938
56194878
56205476
56216511
56237250
56294561
56299580
56304388
56323568
56381944
56389830
56394880
56398912
56412540
56420080
56423518
56435852
56466262
56475650
56501059
56509812
56534246
56544586
56545256
56550845
56555080
56559820
56605880
56617902
56637435
56653638
56655253
56660098
56674697
56677422
56695296
56705565
56757946
56767131
56812607
56814925
56821364
56823858
56878890
56898775
56906200
56917401
56968637
56972743
57029895
57047781
57066670
57107040
57111526
57152359
57185893
57191599
57197159
57202371
57213975
57217322
57220392
57249938
57286809
57312770
57344761
57362701
57416459
57448196
57488762
57512184
57524961
57543815
57598992
57623450
57627586
57643160
57684516
57687865
57701513
57706440
57716991
57725892
57735144
57821008
57855060
57862536
57863023
57888290
57905728
57905936
57931165
57945230
57946304
57951486
57960801
57994400
58024050
58046244
58065173
58089162
58110603
58116140
58163198
58203194
58216176
58231143
58236638
58239530
58282290
58283761
58286460
58290000
58295054
58355452
58366830
58376292
58384636
58395155
58406129
58421958
58427613
58458787
58466425
58472880
58486749
58496567
58500586
58516788
58520204
58556840
58585913
58590063
58590130
58598348
58602530
58630910
58705819
58731559
58785920
58805358
58813653
58816051
58839650
58844628
58851050
58854115
58855969
58933953
58946190
58950491
58952613
58954216
58979884
58983751
58987646
59009422
59030623
59042062
59056346
59081697
59159384
59193811
59221742
59268626
59275888
59309701
59323160
59356122
59370345
59416143
59436642
59449626
59474147
59488858
59496774
59501635
59553589
59555241
59577270
59580967
59621729
59660505
59682386
59684583
59690196
59716407
59771430
59789201
59825038
59854164
59865076
59918864
59922860
59951215
59955941
59970270
59980800
59981745
59995591
60010334
60029272
60057310
60066149
60069011
60076524
60081094
60099469
60116000
60128566
60148014
60187836
60206216
60217416
60217472
60252996
60279013
60292000
60294916
60295634
60305206
60340214
60373804
60391634
60396986
60409784
60449624
60462790
60466289
60498789
60501314
60565015
60580101
60619649
60634445
60644562
60688905
60717647
60737102
60740462
60804523
60811246
60836562
60840755
60843318
60845856
60853910
60926720
60939568
60941875
60976249
60982321
60988595
60997706
61003882
61013277
61020580
61024020
61034729
61064607
61068330
61074997
61090347
61105052
61108367
61187597
61189696
61251130
61265210
61280324
61351785
61355704
61359655
61360833
61363562
61379166
61379653
61398309
61409924
61410748
61417670
61418666
61424341
61449394
61464912
61493313
61498220
61498679
61513851
61521732
61534802
61563638
61569613
61597637
61628244
61630686
61650330
61650567
61675071
61686548
61752086
61757270
61758133
61774512
61801742
61804992
61809123
61873540
61877390
61880270
61917317
61927037
61934169
61961329
61962011
61986418
62009921
62022185
62033940
62037984
62039272
62052729
62064728
62067970
62104204
62146883
62184692
62201510
62208800
62210152
62295238
62317472
62347274
62354372
62356211
62371554
62426090
62447701
62488016
62552160
62587110
62595818
62603994
62715318
62726332
62765314
62780244
62790664
62793150
62833056
62836201
62863724
62865124
62868328
62899840
62901245
62911668
62919278
62924780
62942568
62967120
62974945
62988610
63007678
63025040
63028670
63042927
63055973
63062479
63079218
63091431
63118072
63148500
63150050
63187174
63194329
63194427
63215318
63220466
63292903
63313296
63317787
63417518
63447812
63457767
63478849
63483349
63500143
63508310
63509152
63509537
63512832
63520783
63530905
63547255
63552750
63555299
63575840
63578596
63617512
63638052
63652936
63694668
63719919
63724612
63777649
63842248
63844858
63844964
63855886
63896123
63908503
63955879
63955920
63966223
63968388
63973722
63981803
64007535
64010968
64016493
64018754
64050689
64060844
64078556
64083588
64094892
64107563
64113423
64128624
64145680
64172307
64201636
64208775
64224647
64226486
64242537
64256255
64297070
64297793
64306238
64316684
64331798
64332766
64332925
64340656
64345021
64355111
64385945
64397041
64398580
64411480
64422894
64439306
64446678
64450156
64466040
64482063
64518436
64527556
64531263
64538974
64541226
64571661
64574621
64616582
64633404
64642458
64683291
64699884
64713481
64723710
64739638
64741910
64779242
64783735
64785103
64787723
64847011
64874226
64884381
64886065
64887042
64905217
64935156
64945673
64958140
64980127
65005167
65007720
65059387
65060360
65061984
65087413
65109304
65116716
65121420
65140391
65153064
65162406
65164140
65174736
65179460
65199740
65206452
65225988
65249946
65267454
65289901
65329345
65338289
65380775
65385350
65427634
65463131
65473360
65480051
65500491
65508931
65525050
65539214
65545381
65570123
65582249
65596266
65609799
65616816
65619656
65638768
65640589
65699057
65711769
65779310
65788757
65805495
65833602
65842210
65850220
65850811
65861056
65874400
65877263
65889003
65910900
65930001
65953222
65989288
66012709
66022996
66044974
66057512
66123828
66134555
66154850
66209379
66220912
66257155
66280684
66307814
66335976
66365960
66388160
66400378
66420777
66451978
66453956
66458199
66496830
66524187
66529446
66543836
66587185
66615636
66626647
66684241
66687836
66692813
66706642
66713090
66718742
66727643
66740776
66752080
66772403
66779382
66801380
66807817
66812445
66821890
66832587
66837071
66840336
66860081
66895024
66926057
66941295
66959712
67045834
67052748
67057230
67060930
67073494
67078605
67108357
67156743
67158070
67160562
67238229
67246796
67266363
67274704
67311475
67322556
67344063
67347701
67357795
67368557
67371867
67372050
67372422
67374107
67374567
67404995
67449839
67483318
67512045
67519519
67558172
67566402
67569849
67578550
67589302
67607961
67620416
67631570
67639030
67647265
67711622
67715413
67762578
67801573
67806725
67815416
67864659
67869827
67870777
67910248
67913174
67928494
67959564
67989649
68021581
68026552
68027413
68030524
68041712
68091682
68106003
68129160
68133875
68144127
68149300
68176745
68188030
68188747
68236248
68239050
68241707
68242225
68280340
68281659
68299095
68347439
68349171
68384869
68426019
68438473
68448239
68466723
68481394
68504798
68512540
68544133
68568599
68626387
68631628
68634458
68635340
68651788
68654732
68720321
68756927
68779938
68795858
68834766
68870856
68900662
68942809
68958146
68964741
68983204
68985378
68985576
69031439
69032423
69042973
69115603
69118669
69165767
69176249
69210414
69283049
69303783
69326219
69335052
69336270
69358918
69359510
69396340
69422712
69428866
69466391
69469228
69490211
69515597
69530728
69548696
69567163
69573916
69588793
69591115
69618082
69635652
69673818
69689530
69695791
69713080
69755966
69756780
69806965
69814959
69837684
69849369
69858533
69859884
69864510
69906899
69907327
69911514
69918768
69957448
69964542
69983250
69990246
69990680
70000445
70018320
70024410
70033298
70045709
70081464
70095870
70106922
70123570
70141960
70148228
70155818
70177786
70197774
70228630
70232462
70253033
70258160
70269666
70300417
70316933
70366929
70371550
70465772
70499172
70505574
70530806
70566432
70596442
70614216
70633803
70640869
70643108
70652822
70655110
70689840
70690467
70748013
70779374
70799468
70826400
70834304
70923979
70926293
70938047
70941249
70944264
70954134
70955982
70971718
70974758
71025664
71045230
71131307
71185690
71191897
71235888
71243505
71249321
71253173
71253485
71256076
71323133
71373873
71393560
71408520
71409531
71424747
71443618
71450867
71474950
71499510
71505491
71512745
71543102
71548125
71564975
71600581
71610929
71614288
71649473
71664114
71702665
71716514
71754520
71765000
71774323
71787821
71795043
71868829
71874707
71893276
71898867
71922484
71942552
71956962
71962891
71965054
71993136
72016012
72025540
72059199
72063000
72065771
72070767
72087089
72108993
72109041
72113990
72132254
72137666
72140912
72141077
72165460
72179520
72183667
72196104
72217299
72256319
72281095
72315088
72323480
72341480
72341578
72359987
72363496
72364178
72366773
72368185
72370355
72389771
72408991
72416370
72420707
72515261
72517179
72522005
72528222
72535267
72545676
72552521
72568115
72576176
72583532
72646975
72648443
72669206
72671809
72680301
72735216
72745626
72752175
72772695
72781787
72803080
72828043
72837179
72856934
72870549
72884417
72887575
72895789
72906040
72940114
72963273
72974879
73015543
73025486
73043421
73043691
73063327
73070505
73080436
73080442
73110140
73123830
73132289
73159468
73186391
73190182
73207525
73209817
73213132
73245900
73246330
73250356
73255747
73272820
73295674
73327511
73347010
73351260
73370027
73376927
73381882
73402349
73426756
73447969
73483811
73509872
73532213
73547143
73580705
73607082
73628698
73636260
73686718
73708598
73725572
73791846
73854200
73869536
73888307
73894790
73915323
73935258
73998549
73999843
74003171
74013795
74013949
74022805
74034473
74040860
74072630
74083906
74094408
74097069
74109116
74137590
74151428
74170961
74171560
74174493
74185177
74186003
74189203
74190030
74195609
74200247
74215796
74239725
74242954
74259922
74284893
74285688
74340939
74401046
74404391
74416208
74423193
74440870
74447924
74464859
74490704
74501917
74507325
74508910
74528440
74530550
74531160
74559696
74590426
74603738
74606573
74641746
74656284
74668994
74677703
74683207
74689455
74703881
74717654
74719999
74734200
74750166
74755667
74762281
74770254
74774355
74775341
74779405
74783600
74794820
74805550
74819293
74837528
74847621
74874343
74918992
74955203
74963764
74966948
74980500
75013426
75022659
75043673
75065918
75088445
75122282
75145021
75147590
75155783
75162090
75166078
75201678
75212865
75245114
75268163
75320799
75341014
75341641
75349950
75375228
75390333
75390347
75435481
75455186
75492920
75522562
75538712
75620514
75676122
75701317
75722058
75731800
75772640
75777243
75783766
75811300
75841926
75870661
75891839
75894819
75926792
75928827
75944326
75986078
76028717
76075361
76136160
76179863
76214427
76221762
76241616
76256687
76258694
76261156
76263040
76286833
76322587
76333760
76334730
76344371
76355524
76379638
76383777
76411602
76431901
76436755
76437082
76464174
76484946
76486223
76491032
76560586
76586411
76610506
76618275
76661077
76678826
76691502
76695565
76736364
76738769
76769610
76772905
76802314
76804723
76821962
76845684
76853513
76867323
76885511
76892249
76900574
76955418
76979646
76989088
77010320
77026640
77050315
77082546
77101085
77105510
77114355
77117512
77220549
77237620
77248459
77294852
77301167
77320943
77353625
77367064
77417160
77447245
77457554
77457561
77469705
77470952
77482363
77482522
77500213
77534041
77560626
77585760
77600580
77605968
77607328
77611617
77619440
77622347
77631479
77634950
77681983
77730633
77751135
77753790
77756371
77767688
77785045
77797546
77811697
77813694
77824573
77862602
77875284
77875435
77877169
77902210
77988640
77994383
77995530
78022339
78023596
78042663
78043032
78081814
78085739
78086666
78133236
78146967
78156807
78163339
78168912
78173623
78187138
78209865
78230281
78239030
78247054
78285202
78307395
78309571
78311085
78325375
78332483
78339560
78339711
78375690
78386735
78390495
78413380
78424812
78482010
78525865
78527683
78531184
78553523
78569872
78570202
78611670
78643820
78662909
78711511
78724730
78733060
78754318
78775691
78795435
78830552
78857862
78859678
78906298
78942248
78951160
78954657
78971920
78979104
78991623
78994938
79003202
79033623
79036268
79047663
79068681
79075794
79081640
79083547
79096038
79122515
79149929
79203066
79216023
79245886
79259774
79270450
79272983
79298558
79310608
79322107
79348709
79366069
79390953
79425215
79432040
79448220
79456673
79475058
79481190
79485934
79493489
79512250
79532115
79545691
79553400
79556494
79562991
79602450
79610772
79639195
79655907
79688661
79708953
79739661
79745882
79759792
79765909
79766328
79823706
79840002
79852459
79857164
79864833
79873306
79881267
79889112
79905282
79914774
79930871
79960236
79981030
80016230
80049819
80057421
80065830
80073718
80074981
80119527
80122101
80143640
80149102
80165410
80169129
80206051
80231411
80240819
80241725
80254473
80255673
80265900
80272857
80302515
80321157
80386503
80397179
80400003
80435870
80445124
80445506
80455492
80461237
80486178
80503429
80519925
80531899
80535698
80557888
80568690
80590850
80592158
80618951
80631015
80710244
80726056
80729500
80731204
80731619
80739282
80756975
80821565
80837866
80838329
80844330
80883767
80906709
80927951
80943404
80973112
80997780
81015817
81020407
81032048
81052679
81055459
81061817
81074613
81096579
81097167
81125730
81146592
81160922
81170421
81200395
81232673
81272019
81290941
81302323
81303231
81309776
81311983
81317600
81395205
81396905
81411630
81418775
81436018
81446211
81471983
81494503
81502106
81503795
81513876
81514899
81521441
81530565
81558687
81562808
81580568
81627114
81654400
81659838
81666105
81682785
81687517
81688215
81691547
81691821
81693651
81695140
81696558
81724599
81728942
81733601
81747099
81839708
81846959
81849032
81859479
81864557
81875490
81891079
81916115
81918130
81919398
81962642
81976644
81980197
82033704
82050260
82103858
82114344
82115261
82119840
82125417
82139223
82139542
82158738
82201626
82225106
82289870
82320944
82328079
82347265
82358945
82400150
82428033
82432258
82465285
82508000
82537037
82537873
82575937
82591493
82615220
82620045
82635560
82637717
82654560
82678380
82705710
82711617
82715976
82719116
82724276
82726588
82743203
82772588
82776079
82807404
82818081
82843161
82843762
82875271
82881667
82895590
82906178
82907354
82942786
82967516
82978838
83002333
83016388
83048690
83091505
83118508
83120253
83143171
83146170
83154252
83172640
83174390
83199764
83216542
83263851
83277915
83298436
83368780
83372315
83383140
83394048
83394110
83419000
83434034
83440774
83559289
83570529
83612614
83614032
83692306
83700399
83703458
83729972
83756676
83760815
83802856
83811508
83823100
83854802
83866876
83893407
83913769
83919010
83923053
83934872
83946215
83969484
84012816
84016094
84034747
84038159
84051612
84056516
84068209
84069239
84069492
84076635
84083022
84093757
84101551
84115842
84117609
84174958
84192719
84197589
84208109
84222946
84233571
84253996
84254257
84254384
84281708
84284545
84292887
84322628
84358220
84404608
84410395
84438950
84448193
84449766
84455898
84469505
84471747
84488403
84532995
84553415
84597141
84599892
84668994
84677914
84686325
84702273
84709934
84719412
84781445
84785843
84787548
84814006
84826879
84867894
84879214
84914529
84939627
84956861
84961229
85000706
85000937
85014829
85016881
85033247
85035989
85041890
85076820
85077410
85079906
85139537
85142941
85147605
85155562
85173975
85228976
85235860
85249175
85260310
85281639
85359184
85396728
85399722
85401510
85412314
85429079
85437945
85441430
85460967
85500665
85506912
85547754
85564505
85567912
85638588
85638775
85669443
85677755
85689946
85706163
85776238
85782655
85835275
85891124
85897362
85898753
85938745
85955587
85972997
85990107
85990492
86024680
86033888
86081215
86084936
86089687
86102272
86124970
86138921
86173484
86183276
86347516
86355047
86360888
86367478
86371718
86382780
86404785
86418242
86419055
86439573
86468122
86474429
86483710
86490391
86507503
86512085
86529230
86547340
86547870
86555193
86556163
86605513
86641277
86669186
86781682
86784287
86821032
86825770
86835628
86838400
86840505
86845967
86854236
86889350
86904415
86906844
86949435
86952314
86996980
87006205
87013755
87016103
87030635
87033662
87046448
87050643
87062968
87067582
87078046
87098546
87099318
87109211
87122687
87138866
87148373
87159314
87161540
87166539
87187902
87193806
87227101
87253770
87255873
87263367
87292588
87300711
87304135
87305500
87349954
87374650
87379262
87427278
87454148
87468607
87469362
87478699
87569758
87578348
87586691
87593885
87623315
87635789
87638653
87651872
87682947
87685037
87709225
87719243
87743986
87754076
87801660
87824860
87825265
87825520
87827453
87840416
87850809
87863104
87902520
87904626
87909632
87923676
87946123
87983337
87989171
87995165
88020845
88021817
88053298
88061281
88090652
88099488
88117051
88117227
88139138
88147720
88147755
88162761
88181441
88198287
88202954
88280201
88296800
88357840
88372492
88386827
88394800
88403461
88410264
88458750
88470456
88483803
88509720
88513397
88590060
88591533
88595339
88598116
88618105
88629732
88636237
88638065
88641008
88650451
88657189
88660691
88693475
88698461
88742163
88749894
88750635
88756630
88766640
88769434
88774844
88830871
88862692
88883008
88889323
88919497
88932671
88960473
88968506
89020000
89021670
89073218
89097159
89112006
89129810
89170760
89175481
89239416
89265520
89272440
89272789
89282143
89291799
89296443
89306749
89307010
89312782
89314986
89327940
89333909
89350431
89351751
89361920
89387633
89405533
89407603
89408192
89420111
89420980
89421796
89442909
89454999
89457526
89477491
89478439
89510730
89533374
89545721
89564302
89583200
89604080
89663234
89664272
89680137
89695316
89711190
89729900
89753834
89772510
89775650
89777637
89786021
89807167
89809003
89811977
89813637
89820087
89833278
89840877
89847666
89870892
89882246
89888883
89933159
89956330
89999650
90037880
90059937
90071426
90076101
90086659
90088056
90088321
90095825
90112663
90193657
90194085
90255335
90259096
90291885
90305874
90306990
90323193
90346869
90372823
90396472
90430832
90465547
90485384
90500340
90527860
90539227
90556975
90576438
90580320
90589949
90597697
90612757
90612925
90652568
90664186
90664809
90678131
90695051
90700028
90704499
90713781
90722713
90724810
90729110
90743342
90760274
90764547
90798393
90803252
90826972
90857776
90876458
90900210
90905410
90908052
90911897
90927291
90933800
90940578
90941491
90941911
90946161
90946913
90966943
90975409
90980170
90982918
90984258
90988446
90996170
91083279
91211692
91211782
91232371
91242218
91244239
91250394
91254591
91309095
91323035
91341252
91358871
91389109
91413516
91425822
91468499
91477338
91502804
91536780
91566311
91566540
91611152
91646405
91654859
91659102
91712773
91724426
91724984
91726298
91745399
91747005
91751477
91756270
91759769
91792648
91833608
91856200
91862015
91898680
91902571
91911914
91940051
91946834
91946915
91962825
91990186
92027647
92032480
92056601
92073040
92090753
92091261
92108570
92116670
92117955
92132874
92139883
92226236
92264556
92271467
92280840
92285000
92313273
92318921
92322572
92325848
92337766
92350388
92358158
92359792
92400890
92401790
92402884
92419770
92430618
92438140
92449326
92468465
92492564
92509221
92510913
92511680
92517043
92563514
92564410
92583690
92594898
92618200
92626836
92638970
92724411
92729975
92773474
92797809
92803171
92813719
92821966
92838068
92865016
92897302
92924639
92946868
92965072
92965324
92965760
92968586
92977200
92978118
92979043
92984315
92990197
93006574
93018858
93018890
93034602
93061160
93073846
93099101
93107811
93107876
93141094
93239398
93239797
93252541
93255710
93283253
93355165
93359274
93380741
93386434
93404773
93411933
93435583
93486145
93498217
93528550
93585671
93601833
93610997
93622320
93623870
93643053
93692435
93702387
93711526
93723279
93736538
93765430
93769166
93771542
93812634
93832910
93842684
93843184
93854000
93855377
93866361
93885246
93914474
93930093
93953505
93969730
93984452
94022202
94036510
94047585
94070960
94155240
94190839
94205307
94216802
94248355
94267273
94268709
94272530
94274028
94279992
94285239
94322702
94347214
94364200
94367338
94376183
94384450
94397430
94401061
94407929
94414420
94414736
94419747
94428219
94455583
94473817
94488851
94505349
94571620
94587866
94592040
94594417
94641766
94653578
94709835
94746564
94758992
94769722
94795639
94808424
94864334
94924967
94955345
94955943
94977425
94988401
94989212
94999918
95001468
95030180
95060535
95123852
95125927
95144389
95240310
95260014
95274783
95291904
95301779
95303310
95310074
95311340
95335210
95374003
95382550
95418984
95450065
95464953
95494838
95512110
95529793
95584333
95624222
95630947
95681170
95698337
95699359
95732769
95736802
95749139
95765140
95785970
95812093
95831313
95864576
95879768
95885600
95888701
95895220
95942164
95973770
95978752
95982587
95988153
95988470
95993184
95994058
96012873
96059066
96063504
96081500
96084709
96086241
96102785
96136201
96175155
96188845
96192741
96251822
96276413
96297440
96302502
96308124
96321025
96330037
96332040
96352512
96359440
96363967
96367838
96376618
96398583
96416163
96433674
96434138
96448228
96469281
96481648
96490404
96503645
96532306
96548150
96553507
96558624
96567154
96640219
96663949
96671781
96701580
96730272
96764140
96770170
96799387
96808491
96872001
96883829
96898704
96923068
96940428
96940637
96941119
96943749
96949126
96952980
96973741
96977706
96987991
97010615
97040772
97052321
97081711
97113379
97157720
97198370
97206904
97234822
97244161
97247850
97253685
97273572
97291200
97328828
97333575
97334984
97343491
97343991
97346830
97362109
97374362
97433283
97444330
97448870
97480557
97483898
97533460
97542195
97578606
97581510
97583660
97600160
97604713
97615128
97626368
97659362
97662936
97682843
97701830
97713937
97715735
97723068
97746320
97748394
97752067
97806970
97810311
97821310
97829601
97831119
97869265
97901979
97909799
97933693
97960478
97968490
97977355
97990792
98025715
98027833
98039203
98042314
98051496
98110692
98129942
98139360
98158635
98226223
98230602
98240339
98260470
98278740
98280482
98317828
98324586
98432440
98440224
98500971
98519800
98543555
98562125
98564579
98586844
98601760
98605690
98645005
98717698
98731900
98761970
98768755
98785733
98841175
98842494
98872278
98896385
98908624
98917562
98918972
98930081
99015058
99018883
99033336
99064302
99076407
99088497
99100584
99131881
99148066
99149274
99161982
99168829
99207920
99224075
99231173
99265827
99284304
99290361
99305455
99316547
99345680
99357254
99357401
99381785
99383087
99428807
99457753
99458642
99467310
99501592
99538930
99569594
99572405
99574700
99595442
99604361
99625084
99685950
99729222
99767876
99772070
99822670
99834772
99861474
99862177
99874380
99896745
99918699
99983192
